953
1461
1598
2404
1486
1510
1665
1668
1557
1504
1505
1506
2004
1491
1523
1561
936
937
941
1646
1742
1743
1744
1758
1813
2007
2014
2015
2016
2018
2019
2020
2021
2022
2025
2128
2129
2141
2533
2164
1778
1518
1798
1208
2297
2298
2296
2002
2131
2628
2738
2417
2233
2229
2231
2225
2227
2186
2100
2627
1721
1671
1723
1724
1810
2313
2172
1825
1705
1708
955
956
1209
1775
1776
2814
2858
2866
2215
922
625
626
627
628
644
643
631
2001
2010
2011
1360
19273
18659
19571
19580
19584
19573
19563
19622
19632
19617
19624
19609
19806
19807
19812
19830
19822
19893
19916
19933
11684
11685
11683
11682
11706
11710
11718
11720
11725
11726
2059
1742
2511
3462
2745
2631
2632
1828
2259
2915
2226
2824
2114
14804
19525
19079
19159
19173
19174
19318
19319
19574
19575
19576
19578
19579
19581
19582
19820
19999
19569
11712
11707
11743
2339
1255
19623
19619
19819
11711
11724
11725
1609
1969
1550
2057
1985
2251
19320
19527
19825
19847
19878
11704
11717
11722
11723
19474
19339
325